[Generators]
Nfreq = 1
Number = 1
Voltages = 1.0000000000000000e+00 0.0000000000000000e+00 | 
Active = 1 | 
Powers = 1.0000000000000000e+00 0.0000000000000000e+00 | 
Types = 1 | 
PortNames = 1 | 
